9.15
9.00
9.17
9.03
9.16
9.04
9.35
9.02
9.10
9.20
9.28
9.30
9.31
8.80
9.15
9.00
9.28
9.29
9.10
9.30
9.18
8.95
9.24
8.93
9.17
8.85
9.28
9.05
9.10
9.20
9.12
9.32
8.83
8.86
9.31
8.81
9.38
9.16
9.17
9.10
9.15
9.20
8.80
9.17
9.18
9.00
9.45
9.15
9.40
9.35
9.35
8.92
8.91
8.93
9.12
9.25
9.45
9.21
8.98
9.18 
9.30
9.15
9.10
9.05
9.15
9.15
9.40
9.30
9.10
9.20
9.15
9.01
9.28
9.21
9.18
9.19
9.29
8.91
9.14
9.12
9.21
8.90
9.05
9.15
9.00
9.18
9.35
9.21
9.17
9.24
9.24
9.02
9.20
8.90
9.05
9.15
9.32
9.28
9.06
9.05
9.21
9.23
9.20
9.21
9.24
9.24
9.30
9.20
9.22
9.30
9.07
9.20
9.29
9.05
9.15
9.32
9.24
9.21
9.29
9.29
