 1   2.3999999999999999  0
 2   2.6000000000000001  -1.3
 3   3.2000000000000002  -2.7000000000000002
 4   3.6000000000000001  0
 5   4                   -2.7000000000000002
 6   6.2000000000000002  -2.7000000000000002
 7   6.5999999999999996  -2.7000000000000002
 8   6.7999999999999998  -1.3
 9   7.7999999999999998  -2.7000000000000002
 10  8.1999999999999993  -2.7000000000000002
 11  8.8000000000000007  -1.3
 12  8.8000000000000007  -2.7000000000000002
 13  9.5999999999999996  -2.7000000000000002
 14  10                  -2.7000000000000002
 15  10.199999999999999  -5.4000000000000004
 16  10.6                -2.7000000000000002
 17  11                  -5.4000000000000004
 18  11.4                0
 19  13.199999999999999  -2.7000000000000002
 20  13.6                -2.7000000000000002
 21  13.800000000000001  0
 22  14.6                -13.300000000000001
 23  14.6                -5.4000000000000004
 24  14.6                -5.4000000000000004
 25  14.6                -9.3000000000000007
 26  14.6                -16
 27  14.6                -22.800000000000001
 28  14.800000000000001  -2.7000000000000002
 29  15.4                -22.800000000000001
 30  15.4                -32.100000000000001
 31  15.4                -53.5
 32  15.4                -54.899999999999999
 33  15.6                -40.200000000000003
 34  15.6                -21.5
 35  15.800000000000001  -21.5
 36  15.800000000000001  -50.799999999999997
 37  16                  -42.899999999999999
 38  16                  -26.800000000000001
 39  16.199999999999999  -21.5
 40  16.199999999999999  -50.799999999999997
 41  16.199999999999999  -61.700000000000003
 42  16.399999999999999  -5.4000000000000004
 43  16.399999999999999  -80.400000000000006
 44  16.600000000000001  -59
 45  16.800000000000001  -71
 46  16.800000000000001  -91.099999999999994
 47  16.800000000000001  -77.700000000000003
 48  17.600000000000001  -37.5
 49  17.600000000000001  -85.599999999999994
 50  17.600000000000001  -123.09999999999999
 51  17.600000000000001  -101.90000000000001
 52  17.800000000000001  -99.099999999999994
 53  17.800000000000001  -104.40000000000001
 54  18.600000000000001  -112.5
 55  18.600000000000001  -50.799999999999997
 56  19.199999999999999  -123.09999999999999
 57  19.399999999999999  -85.599999999999994
 58  19.399999999999999  -72.299999999999997
 59  19.600000000000001  -127.2
 60  20.199999999999999  -123.09999999999999
 61  20.399999999999999  -117.90000000000001
 62  21.199999999999999  -134
 63  21.399999999999999  -101.90000000000001
 64  21.800000000000001  -108.40000000000001
 65  22                  -123.09999999999999
 66  23.199999999999999  -123.09999999999999
 67  23.399999999999999  -128.5
 68  24                  -112.5
 69  24.199999999999999  -95.099999999999994
 70  24.199999999999999  -81.799999999999997
 71  24.600000000000001  -53.5
 72  25                  -64.400000000000006
 73  25                  -57.600000000000001
 74  25.399999999999999  -72.299999999999997
 75  25.399999999999999  -44.299999999999997
 76  25.600000000000001  -26.800000000000001
 77  26                  -5.4000000000000004
 78  26.199999999999999  -107.09999999999999
 79  26.199999999999999  -21.5
 80  26.399999999999999  -65.599999999999994
 81  27                  -16
 82  27.199999999999999  -45.600000000000001
 83  27.199999999999999  -24.199999999999999
 84  27.199999999999999  9.5
 85  27.600000000000001  4
 86  28.199999999999999  12
 87  28.399999999999999  -21.5
 88  28.399999999999999  37.5
 89  28.600000000000001  46.899999999999999
 90  29.399999999999999  -17.399999999999999
 91  30.199999999999999  36.200000000000003
 92  31                  75
 93  31.199999999999999  8.0999999999999996
 94  32                  54.899999999999999
 95  32                  48.200000000000003
 96  32.799999999999997  46.899999999999999
 97  33.399999999999999  16
 98  33.799999999999997  45.600000000000001
 99  34.399999999999999  1.3
 100 34.799999999999997  75
 101 35.200000000000003  -16
 102 35.200000000000003  -54.899999999999999
 103 35.399999999999999  69.599999999999994
 104 35.600000000000001  34.799999999999997
 105 35.600000000000001  32.100000000000001
 106 36.200000000000003  -37.5
 107 36.200000000000003  22.800000000000001
 108 38                  46.899999999999999
 109 38                  10.699999999999999
 110 39.200000000000003  5.4000000000000004
 111 39.399999999999999  -1.3
 112 40                  -21.5
 113 40.399999999999999  -13.300000000000001
 114 41.600000000000001  30.800000000000001
 115 41.600000000000001  -10.699999999999999
 116 42.399999999999999  29.399999999999999
 117 42.799999999999997  0
 118 42.799999999999997  -10.699999999999999
 119 43                  14.699999999999999
 120 44                  -1.3
 121 44.399999999999999  0
 122 45                  10.699999999999999
 123 46.600000000000001  10.699999999999999
 124 47.799999999999997  -26.800000000000001
 125 47.799999999999997  -14.699999999999999
 126 48.799999999999997  -13.300000000000001
 127 50.600000000000001  0
 128 52                  10.699999999999999
 129 53.200000000000003  -14.699999999999999
 130 55                  -2.7000000000000002
 131 55                  10.699999999999999
 132 55.399999999999999  -2.7000000000000002
 133 57.600000000000001  10.699999999999999
